Tuple length: 5
10 tuples already in a cycle
+-------+-----------------+--------+----------------------+
| Tuple | Length to cycle | Period | Iterations to vanish |
+-------+-----------------+--------+----------------------+
| 00001 |        1        |   15   |          0           |
| 00010 |        1        |   15   |          0           |
| 00100 |        1        |   15   |          0           |
| 00111 |        1        |   15   |          0           |
| 01000 |        1        |   15   |          0           |
| 01011 |        1        |   15   |          0           |
| 01101 |        1        |   15   |          0           |
| 01110 |        1        |   15   |          0           |
| 01111 |        0        |   15   |          0           |
| 10000 |        1        |   15   |          0           |
| 10011 |        1        |   15   |          0           |
| 10101 |        1        |   15   |          0           |
| 10110 |        1        |   15   |          0           |
| 10111 |        0        |   15   |          0           |
| 11001 |        1        |   15   |          0           |
| 11010 |        1        |   15   |          0           |
| 11011 |        0        |   15   |          0           |
| 11100 |        1        |   15   |          0           |
| 11101 |        0        |   15   |          0           |
| 11110 |        0        |   15   |          0           |
| 11111 |        0        |   0    |          1           |
+-------+-----------------+--------+----------------------+
+--------+------+---------------------+
|        | Mean |      Variance       |
+--------+------+---------------------+
| Length | 0.75 | 0.19736842105263158 |
| Period |  15  |          0          |
| Vanish |  1   |          0          |
+--------+------+---------------------+

